
<table style="text-align:center"><caption><strong>Correlation Table</strong></caption>
<col style="width:150px">
<col style="width:150px">
<col style="width:150px">
<col style="width:150px">
<col style="width:150px">
<col style="width:15 0px">
<tr><td colspan="7" style="border-bottom: 1px solid black"></td></tr><tr><td style="text-align:left"></td><td>Mean Max Temperature (°C)</td><td>Total Precipiation (mm)</td><td>Tourism Money Per Capita</td><td>Lightning Percentage</td><td>Fire Area (hectares)</td><td>Fire Area Percentage (%)</td></tr>
<tr><td colspan="7" style="border-bottom: 1px solid black"></td></tr><tr><td style="text-align:left">Mean Max Temperature (°C)</td><td>1</td><td>-0.312</td><td>0.074</td><td>0.539</td><td>0.081</td><td>0.164</td></tr>
<tr><td style="text-align:left">Total Precipiation (mm)</td><td>-0.312</td><td>1</td><td>0.042</td><td>-0.094</td><td>-0.053</td><td>-0.084</td></tr>
<tr><td style="text-align:left">Tourism Money Per Capita</td><td>0.074</td><td>0.042</td><td>1</td><td>0.079</td><td>-0.021</td><td>0.009</td></tr>
<tr><td style="text-align:left">Lightning Percentage</td><td>0.539</td><td>-0.094</td><td>0.079</td><td>1</td><td>0.102</td><td>0.121</td></tr>
<tr><td style="text-align:left">Fire Area (hectares)</td><td>0.081</td><td>-0.053</td><td>-0.021</td><td>0.102</td><td>1</td><td>0.822</td></tr>
<tr><td style="text-align:left">Fire Area Percentage (%)</td><td>0.164</td><td>-0.084</td><td>0.009</td><td>0.121</td><td>0.822</td><td>1</td></tr>
<tr><td colspan="7" style="border-bottom: 1px solid black"></td></tr></table>
